20
0 8 319 60 336 322 235 349 418 155 60 336 423 123 349 333 118 272 47 60
8 0 320 55 336 320 248 348 417 151 56 335 407 121 344 332 125 270 56 60
319 320 0 336 13 7 439 9 126 185 336 16 185 212 22 26 200 51 361 253
60 55 336 0 354 338 278 367 439 157 1 334 417 134 359 343 169 288 83 125
336 336 13 354 0 19 451 19 97 194 354 3 166 221 15 11 209 61 380 262
322 320 7 338 19 0 454 11 126 184 340 29 188 206 26 29 200 51 370 253
235 248 439 278 451 454 0 454 558 330 275 449 594 328 478 462 254 402 190 221
349 348 9 367 19 11 454 0 96 214 367 22 190 235 23 27 224 71 399 282
418 417 126 439 97 126 558 96 0 287 439 96 159 304 74 100 307 158 472 361
155 151 185 157 195 184 330 214 287 0 157 193 249 27 208 192 80 136 190 124
60 56 336 1 354 340 275 367 439 157 0 354 418 140 369 351 174 290 81 127
336 335 16 334 3 29 449 22 96 193 354 0 164 219 16 10 222 74 386 275
423 407 185 417 166 188 594 190 159 249 418 164 0 288 174 155 309 195 455 362
123 121 212 134 221 206 328 235 304 27 140 219 288 0 251 216 96 171 172 131
349 344 22 359 15 26 478 23 74 208 369 16 174 251 0 24 222 74 404 275
333 332 26 343 11 29 462 27 100 192 351 10 155 216 24 0 204 55 378 258
118 125 200 169 209 200 254 224 307 80 174 222 309 96 222 204 0 151 209 63
272 270 51 288 61 51 402 71 158 136 290 74 195 171 74 55 151 0 320 204
47 56 361 83 380 370 190 399 472 190 81 386 455 172 404 378 209 320 0 105
60 60 253 125 262 253 221 282 361 124 127 275 362 131 275 258 63 204 105 0
1 2 3 4 5 6
1 2 3 7
4 8 9
10
2 1 6 11 12 3 0 0 15 0 4 5 0 0 9 0 0 0 0 0
20 21 26
21 22 27
5 7 9 11 13 16 24 25 27 28 32 33 35 36
6 8 10 12 14 17 25 26 28 29 33 34 36 37
5 7 9 11 13 16 24 25 27 28 32 33 35 36
6 8 10 12 14 17 25 26 28 29 33 34 36 37
5 7 9 11 13 16 24 25 27 28 32 33 35 36
6 8 10 12 14 17 25 26 28 29 33 34 36 37
12
1 3
2 3
5 3
12 3
1 7
2 7
4 8
11 8
5 30
12 30
4 33
11 33
3 19 20 30 31
19
20
1562